r=0.5
p12=(-6+sqrt(36+r))/r
p22=(-8+sqrt(64+r*(2*p12+1)))/r
p11=8*p12+6*p22+r*p12*p22

mydet=p11*p22-p12^2

K=2*[p12, p22]